Page                                                              Page Rank           No. of OutlinksNo. of Inlinks
c45a066a545333a9fd8a65e27521f4c13b3bf575b5586e28721bf5acc975dd8e  0.0000567459018664  64     1108  
6f7b3f9dd587cbf7dc9f64aa922f33402ca948b2bce7ced9c6cc21bd73def95e  0.0000543736880759  73     1107  
503b2b944245a3ebefefeff7362afdeb53ec83554e9218da1968a129d7be45f0  0.0000543362922535  26     1106  
90ed511a2189046b32b9d9753f3c08dfef6218955c8371006e8e47b72c2d7a83  0.0000522876781804  3      1106  
ca5255cafe03e1362bf9a7f97d4b527eae913b89e9cd6a80e4437a3ccf50ba87  0.0000515344721645  21     1088  
ae8607ed972d7f94ca3143cdc60fcf7a5c9209bc6a9f3a2b3ccf1ae614445ba3  0.0000510576916741  17     1086  
da979fc55fc6150f2732648ae0e215de8321f63d54ff06b68f7bc6264aedae7b  0.0000507355494097  15     1086  
d7abae127e9916f2a51c5ac5a23a6bd9d69b700b7a9404b1e4798deb8e6e6855  0.0000505025572355  42     1085  
ac52f5e0852fed4b282a7a0085bd612dfb71ffa21521f89d8077a4e41fb093cb  0.0000443427038855  47     1086  
b636e16f0ac5b49c82e0fae51a8760e7d7b0c0546f12a9494bbb5e0c78dcfd41  0.0000441364994945  40     1082  
799fd01f4cbb1f5b6a3a685738d23d725f23c1a85ba6eb8f41975fe1b228bb5a  0.0000292461499936  15     989   
e68d73d017f9132f6240876dbd474c9c845ae860a5920089321c04f8c4625fcd  0.0000288237321498  40     282   
23c1013aa950839ff8b903e1461275ce4682eba3d52dc21707c409b6a1325d72  0.0000272388639522  59     272   
d74b839c182c0b6308aa22682ed3d79de14794c63e6edbf94f0370c55773101b  0.0000238477591356  119    235   
c20774b63d04db782a061ce0b6400826b510a79122e9e8a6a68d1596ea0ac5c9  0.0000233820472786  0      407   
afb71f174b7aeb0f80185ae9ceefbbda7ad3dae4bf4f3fcb9f7482f9821a603a  0.0000222763579526  4      271   
f1f15afcbe09528365b6584bb319465c3394aeb35f0008ba2e0e32a7c8a799c1  0.0000218196097581  121    233   
16e1688aee907d6b6e7605d32dc812c2b6f82c8edbe13d4a789543b9374d1ae6  0.0000189219941505  5      270   
050fea02bd9ebccade5104fc5e8b6fe44e2d3e451292b0c4afa728678d13e6f8  0.0000185632076293  0      38    
28cf6979e40e96f61cd67af86e1e23fd26f5912a8c6d1dd098a2da889b3aaa4f  0.0000171084817274  23     319   
4e2ee10b3cbcd55a2395ad49073c48660e4df87a4665fd4887b9b83f356ed839  0.0000169708460050  8      268   
de7b0e811e6451f90a16d9479376a5808f8d55ee5f24ccd606f2e52179f51a13  0.0000164282664045  6      268   
53be54b199c662c34015fcf5d6fa2e9d38a820bb124d79a129909a2affdfb7d1  0.0000162028934058  25     512   
bf8439517a8385b067d7139ddedcfe726bfc91f8c2ee5242f21792879e764867  0.0000161511899311  30     526   
a196061eaa4b75c2cc8ee764f5f171ec50911202b1d412642a49f6832c477100  0.0000159148710382  8      502   
1506d7476552445354e73e64909c3d229636c93367b0bceb3e36abfba4924996  0.0000155843625049  30     521   
cfb2a022b72be28ec8377767625bb60abe12294f3fdf732794839d8e8c46a444  0.0000155708253520  8      512   
faf3e46c4b149d365eb499d439c71916d526ba9f3cb0e6b0727970f658cc1d24  0.0000155432809564  112    511   
cca4a8e05bb90ecdfe426ecf5c1e1e0b08c56f6fcfd756c2eadd8ff8508b31e5  0.0000155318113495  102    511   
32345c3b981d72bf84a7e6e323977c22e7cfe87f08b4f27f740883cd3605c94b  0.0000155318113495  17     511   
45fd496e84bd80828c10a778a6278f1093a061414a1476354c32c76aeab738c5  0.0000151290001522  191    500   
f217d823160d39ca379a09044e1242ac641c8b1d79a1d6f499c59f08a1b67500  0.0000149318041223  118    523   
a710971cce6def4877e10fbcb0dad7b3cd98bd8bdcc0b2928d3264f91ea7e9db  0.0000148060310864  17     201   
190e1e99fb168aaa44eaf7b2c8362c556e760186a4de6f55df44a36d704538ed  0.0000147779614807  192    216   
e9e6f3be0578aacb55d23433c14ec3a18dc033697c84dc2df08c0183612c7d9a  0.0000145359115691  73     489   
31099ce37365dffd024eaa15f1b7a93e4473011b2ca7128579aa9d78fce7cf02  0.0000132627773770  9      266   
55e30e43511c50fe7dce40fbebb879a89694482826918ca39bc82cfcd041efac  0.0000127553280100  22     265   
86e416ac7b91619876ab49b2fc70fa2c2387dc8be152b4109b5427fe77e7ee4a  0.0000126549949928  15     217   
c56b2f7297e7ac8a4455e759107c75ec35faef0aed522a1443e3e9cf63d0e5ce  0.0000124267440400  13     265   
fe8d59cd4486b959380e3c96fcd01529e742932c8f9dedeeb27701b6dd5d1679  0.0000122862074187  11     265   
35e03e0b6f54b4d555d474eae82f0457d1826c44fd7f49421f726658feedb1bc  0.0000121523503110  31     26    
decda97bcb46c9f27d03f8dd7dad3ff96a9d6dcd87e552b17fa7a831db70b9ba  0.0000120170732392  20     158   
b7cb8e20b59e1a0420813eda487c5aca5b0425aa4de7bef5b0b8444357698c60  0.0000119362359718  21     164   
89eca2b699d8217ff1d1f546e753132e9f0b1b290ed3158fa954500757e8728b  0.0000116860236638  17     264   
2ff7136accd8772e9e1893dc959a44ffe13e58228f0f9d97dd2080944b5ec50c  0.0000116505018236  16     264   
f2ae4c7ca6627e6cdd792fdac447263220748d187b2c4d3522d577990b407bfb  0.0000115744610726  175    911   
9048bb9c8fa6e0b17b4b1aac927394bfdd2572f9ad5d80fd8ade3b826e0d4bd0  0.0000113622121052  144    343   
998d3c8d4a094ba2ef73fbb6b98886a674b06420e91c9636178323fce5bbab36  0.0000113472851725  15     157   
75a0b76c17a42048a62568e19bd34ad15bd7f7f05ad2d4246f96ce9887e30b07  0.0000111535576696  190    725   
67cde3b5c7de82d92fc1349d6911cf3ad2f85e7d0bbb371c777a9a76965ae79d  0.0000109748584086  18     156   
5b612c6905484295f4bff648f0b425eae448f1a54790397d182f9b02b4987dfb  0.0000108264278265  29     403   
7398f966c467155e76de429735855db5f65e94d63e68373058687dde0efd3fa2  0.0000108217240248  15     263   
fd8a9f775ce345c55ead4b7fdad392a94b360194d9e3f9ec9d7eaec5409df8ee  0.0000107170806143  35     1324  
c7d86f123e43e2be4cf248da2a4780773b0e9096b5b154a1aa6c6c5dc6075884  0.0000107031379310  353    100   
98fc505e0e7e9ea9a5ce2c51848d4970e937c40178cd07470787820677fda02e  0.0000105687447709  97     1241  
686805f62eefe32bb3f2aefa6f29cbc2dba04257a37af0aaee6e070876941a39  0.0000104950026001  121    1240  
26dadbcab55b5a5c8264db6be814e833f4fb63e4674de982a6c04dbf1fde647f  0.0000104006360463  16     155   
484c60fea7513eee7aa96059ef564ea9d1bcdf5b323085a4dd1049b3687d1bb9  0.0000103595132132  27     27    
82353a66855e131f0ca4d2bbd766efc5cc8353ba0ec52caeef72de05994501a8  0.0000102285778586  15     262   
6426b1e4a58bf0d12a2025cbb1b5dd1f74bb5fb78cf8bd0669c2e97a91b46221  0.0000100201204158  253    331   
ca65e003529f79702cdf2da08c7ba4a5b57e5e42d3abdb0bd60e13c56ec22691  0.0000100049621143  1      37    
9afe5024263668c443e15b7db68a62e32b5533ca0e41b33f0fc4c3f5bef408bb  0.0000099945802146  37     284   
dfeb0f46b3e414bd09274c8e3e6b66d2c42c1fc3c805018ccdc21c18e5864a92  0.0000099688438002  25     262   
b5fd127f4f93f0daaefe8e9e692686deafcb71796d618d38ae0622b6bc8f2add  0.0000097162699176  162    243   
c60dc906b9b95e43d6feb447f5bfb565f86e2599311056eabf36d489e7ddc2ec  0.0000097101558482  374    335   
239b60442250f1d7c9803fa7279ffdf9338c8415ef999b96cc7c52e807f46377  0.0000097001043935  262    326   
8fc20e4414d1497e5c3a90a06886478959dac6340ac33003a31d17b280ef72af  0.0000096323066616  104    214   
48904eb18792f1ed3c8b3da0370f608504b45679dba0ed77a900ffec7f5f68f5  0.0000095535041786  35     847   
a7b1a2e516434cd471e084f44665931905be99308164754053777b1c5f2c3868  0.0000095170550856  94     153   
a63598da1072d4146c092bc1e763ae5768700201ec6be5a987fa5b22ed634335  0.0000094557432220  70     456   
df277e20b416388014a51b86dd41ed008f308711f6f0dad254e1bb39c26123db  0.0000091898267147  383    568   
2386354aecfc0764ab89f11b0c76863f378cf02bce868c32c2ab5848db70fdc0  0.0000091326868969  63     458   
f272f34567b4d588c79cc31a5a8c739173ace9b010ebddb82b5daa3021da7bee  0.0000090704493178  199    731   
1727d9074a79de906f53458b7babd0e74b198efd8046ba7b82dd93dbb0464618  0.0000090240017798  7      304   
3d8173e430e4acd4152f73d640fad49aa8b3385df9fe116db113d3cb700dc84d  0.0000090133325746  215    99    
bc35e39956da71b14449a9a162db0a726c0143eb40f1eed38ae8145dda76cdac  0.0000090107820659  175    718   
dadeafcf47c97f19bc532d53d61f8f9784bed579367d0245a5baac18ca18213a  0.0000090008350800  5      70    
2bdb00500981c310dccb9a5076fd31e5743292131dd424ce005e336a5f50ffa4  0.0000088381182130  23     408   
3e9d6747a9cd54b3350243abce1c732a518b9b792c0e27638ab6b10c1427d251  0.0000087835447972  43     434   
823d2622bd9933ba583024af5bd273ce2e7e58e4db0e1619e40e7e18218378f3  0.0000087586578860  126    189   
bb418652f6cfdcf9124828140a1133944f3010fa29140dbc8eb53cdca1358f09  0.0000086745502513  116    63    
68350563b3d639c4cb0a05940a0ec1404cb0830d69efa39a638d715c4487fc8b  0.0000086198289285  20     259   
0122acf31186be5dbf9e5ecee64b3a2bfc875b7c3dc4104f5187e2a03dda2767  0.0000086124147928  20     152   
648977d7a5d036a0cf5cbdc52fa8582e5c029d0357383f8d3887e1757e0c74a7  0.0000086007148057  17     611   
1457229625eab7e63aa9313f4bf5033ae96715357747cb36b1b420a6d36bf7d1  0.0000085905609611  1      154   
e5d9f8686f6dc17f2d86c904952cb8a1e23512e78be62768ec205d5324c0cbe0  0.0000085803374322  18     259   
cb72033d4a59f2ccf1007bc28f880346945cb166df293c1bf0273a48ea1e7d90  0.0000085723505215  18     152   
d2d10db54da7530d0b876099c46d8387a9277c1a6090784471bb2fb3dcf56713  0.0000085531149397  46     414   
e2106dea14a638ee4715d087e2f812d8ba7a0ea76eba7388346068f179fde439  0.0000085170603947  9      702   
e220860e493b1ac1bd45c8cd5fcf0c82674c67e95d8bd59855f28fa2f1d42272  0.0000084533553958  155    338   
91a94889d7fd8eb3ee6056120b4186aa70842304d0dab2aacc7c6a75048f755d  0.0000084436865011  39     429   
7a733d6c0798bda6979a03b6154643d5cafa5cf8d3fbbd1bdfba46e328c6e8ed  0.0000082858417654  196    482   
837a0da75fa5587369dc52df8ef0a5ac51b5c211c9f9e7f01f453b6464a634b2  0.0000082432845155  6      146   
59addd69b3512d9692080fb269b0af302d193cf255694a0ac279b14c9e9b9eee  0.0000081507048815  28     183   
27a6132218e14d3c09552ed34fce9be070fa7d407c72e56708b1807abb604d82  0.0000080695403739  42     151   
97f344e384025ed6ebf3794e3e58f6f5b13c7d3c03c18a09c24cca5dfdf328b5  0.0000080679508998  30     436   
032f412987e660a3e040546add4d40c1bd9674545bec04bd60e6e881ae8e25d5  0.0000080468795671  53     437   
862296a453c314021c1105ecb3d2064ad823c686a20643aba49fd23c9f5eb1ff  0.0000079891857435  21     153   
c5fd14a6bed299f3f9c2101e182d21d7a5f62aac4c1538b432be02cf300bd0da  0.0000079660839312  1      63    
b8763dc72013aa80f9c02ed23d1faa6841aadd2fefaeb0552427058bad80a4e5  0.0000079436384345  26     257   
2028ed1fc82434185cf8cca633364f4be7f9c244ac2a20bd67bfeaec2f8f23a7  0.0000079224298589  24     257   
4066ca7a31b96d31e866b109b15d682e1b18d8c6a156e4a2cc9893b985e10f9e  0.0000079224298589  24     257   
9531a47b9fc0fba52496221f67934e2e1c89bc1d8f00ecdad14ffb0d3173977f  0.0000078975133527  22     257   
6cb8cf84d1da95c75f5ea0b0fb1b9f8a2b1854afbd7def4b6dc9b2e12c595b66  0.0000078935798368  824    56    
a8cdccd87930baf910a5bb3c873f847b5800c58f51c87f9781b575a63639ebb3  0.0000077729290204  25     62    
e9556bbef96608dbd423110921ec5de3e57868f5f843b35d8217918c9dbd49e5  0.0000077726727113  0      63    
3401964bd7f7206c2b7ff331f31ffd0dd77e7b98b2733ac0b9888f7d1debd3ed  0.0000077684782524  22     257   
e791d03ea45f06f8a567b26586ade597b73212a904f32b297d4d4bafed97c073  0.0000077603501308  20     26    
70bbed3cda06ab66d4a4f3618a532f870cebe548ab496e189f55e6e643cc786d  0.0000077026889555  47     201   
aa7fdb21e72bc04863f14f1ed8f0d17f43bc3dac6bd997c02116826bf3652871  0.0000076546195087  161    192   
e0864ba534c35690a95115aba0da7db79d682e7b38157d40a01c6da5efbb18f5  0.0000076307829296  22     120   
b66ca65ea21fcc3995f6c6dce2249bc4addcfc04dac73e77e6bb1d5ab7df484c  0.0000075696768800  18     429   
bd9060411bd8bd28b6e0c5b381be0463fa57b4735dac7f449a9ca34daded3b0a  0.0000075527522742  24     124   
0c55f7b45cf2467bb4953a4ef78d1d534f7378bc774ff69c62e086b7a2532627  0.0000075379255629  43     148   
daaa0928a48d5fef44d021e7f776755439b4585ceca12dd52f5d624ad7539434  0.0000075351524610  24     60    
3cce9a75a7757be5a44d358372954b789e9a45470ced3d71b6e1a73874420023  0.0000075300560706  9      145   
e8e1e666be881a82b5697bba4317334000f4cd1ba4035a7a8442e88891bc994a  0.0000075143255318  279    147   
dccff9296366b7e9724e4c56e1d476f84c298f9e7cd85a06e3a2d35d26b0ea9f  0.0000075063929107  172    444   
abfde29a2040736c6de406d384965fda70e89db00b428315088e5d5bce5ce346  0.0000075054061970  33     158   
8554aa81718adfe5c7e5c4b4a15aaa13cf3c3eb5fcbfc7ee072007c462b4e1f0  0.0000074663942473  27     158   
b78fa27954f7a6969e26db719be96f7df300d589ea7e497f8f39e23e6849c56b  0.0000074438654455  24     123   
8d0d5545e9cbdab131014e70d3f630a1a4b620001b4ab4ac5b0a6a0685a81fd7  0.0000074047629843  31     189   
0923d70985adf380f99dbe36c64dfbadc24368fcbe27681c0fb29f0c4101ad2f  0.0000073424038255  37     146   
d9c366eb604b3ceacd49f1df232cb863118ee614a91c86a43b55935fa8732e56  0.0000073282093652  130    363   
b3baea947e6a115bfc63b213047ca5f4a505cb6f73f9a267cd1f2ef0896c232e  0.0000073272346249  209    303   
43f976a86d7c03627a3b43417619c7bea6bd72a71d2cff010f0130bb27d06ee1  0.0000073220771200  3      53    
592e2a1e96ae9b48158f9d879ec879a2500212775adc2b0f0bcf3769446996b5  0.0000073054066906  175    610   
71edba8a7f246e26c243f1ad46f286172a12dd5d95ed219b2a3aa1605dc041db  0.0000072962278600  26     59    
c28e1fabe160df0a3d432f7e38ba852e6f12ee4974d68c5664e4b0c7c8415807  0.0000072754401694  63     365   
4dde8ca5fbad97a231acc0038910e135b36499fdb87a8b553d62a657f1eb59fd  0.0000072558025112  34     275   
a45b9675167826bc72dd98fa4cf7ebeebbadce698dee00a265f6c7175607c4d6  0.0000072442084729  42     363   
479c03dbd7adee1b353790f095e0948a12dc3d3a23435c68e64c4853516ae8e1  0.0000072330381389  18     429   
d4bfc8059ed2c7344868e335dd6ce29e158dca19d2db4a37e003b8a60a716ecf  0.0000072266959592  104    60    
3d62b85f73688d4a568ff8ca5c5eab09167bc66259cb93e3c7d937be2c6afb57  0.0000071997271733  436    528   
ab38b282fe7f95c6fa01ec22d523c0bf3c84f74134340899f51712d522256fcf  0.0000071919704192  1356   415   
324751266feb5a7a81a4fa212e0a2477dffab57756ad086f4278b92404d6bc5e  0.0000071707407601  35     652   
8171a08ffac9c0004f377e123a9903dab46e53fe3df480d72a70b48bc848c488  0.0000071524222907  118    143   
22ff38ebfc52c69c901344f0fb4cc3bc934df328205a1e6c8c65f78e8728c556  0.0000071361953807  5      59    
90997512ae03a5af9d40479754fc38c00358af1e9f853a60fa253d0e130f9efe  0.0000071026587515  44     430   
96711d86f4d6b6a3e43f91823830c3c8a56cc80242ca08920b8cba7e42a5003e  0.0000070432821407  567    514   
7a558ac1f73231b7bf67936ba47b72bcf83feccf670ecb3ec65001c5271af86b  0.0000070360109021  32     160   
ed9458f0063fb0c801db15ea2b5b7ea66ade3bccf278f480edac77c7eb9db637  0.0000070357855723  292    245   
fa867fc6c1cd9f67cc783ebb510844d36c121961e06e50c4192657bc62bdc2ab  0.0000070334277347  100    186   
e21e91a6a2766024862982818b7f6896dda586834f6c80ff11646f55bbbb1e25  0.0000070149796670  2      37    
52cacc0378e3ff92d4f1478b7d1a8a2ae13dc7dfa493d51ddbdc4d16c8df70d6  0.0000069986706233  35     431   
73f575609d437840f2cd4a28b4b045756a7fe5cf2520ca32ed37611110ad93e4  0.0000069982847583  169    346   
d606d7fc005dc3d58d9977e256d45bcc60794a67841520f5f56740b2d155aa83  0.0000069491227408  43     426   
ce72f8887c49fe4f81d07da4255cbcd9dba47dff4c2deffffdec598239820648  0.0000069381820739  25     121   
a8e3b8335e48c19ba6d035c677b6f071223b0c4ab607faa03a5ff50093c1ee5b  0.0000069153744995  222    220   
17e38cce13534212fa9837d10d32796d94727c0824b93501527d1f6be7aff4ba  0.0000068985017200  24     217   
da7bd5761c3ba3f262220a8d30a746d732b6aa040a8617031c77c6cd383da774  0.0000068895166739  189    351   
add59db902c57c9a1635c48bce3dbc57524d9b8f5e04bd67b52dfba88c88ea90  0.0000068788407319  9      144   
5a7478c83e5f6763a6a56502483885bbfc562ab266f93211091e1a235e7ff669  0.0000068788407319  1      144   
f618404106998ec4e37093088bc98e43218db45750370bbdc6aff473c495ae4f  0.0000068523055924  67     425   
3e2ac7eb39a8b28b8433deef6a98c5cfd77e2f682cdb951d22ca0cf0c15524ef  0.0000068486634776  32     179   
b9f93895d41b2e568249ff8ac1eca2e1ebc28da7992d85c8520fefedd325daf7  0.0000068449655705  5      54    
b0744986202215daae0e8f054d78d3a9aa500979ffc9ce74e57e42cd970d0260  0.0000067999525086  184    336   
a7defddf80d94430acc168fcb074e3c76242b633a2d0c7bf62ab11125b4b3df9  0.0000067655111134  101    631   
9f688c72d63c5ee3b11f0a4cd887751cdba31a58202317abd4ec81111678cdf2  0.0000067384347901  173    361   
a4b89610d1b6da4404276039bd5bccee1069366e75f3204d905371d454bb5631  0.0000067339242270  14     217   
9fc5f6d9689b48ac28ecebb4b28f9479c904ddf5653e227f26c319cd5ed45741  0.0000067241284155  39     35    
9c4671c42fd8850b6827be737f1f43bec66bd0f932f2523783fa34cf7ce37d20  0.0000067020774629  33     411   
ec4b19b0750735c68a9bdc9ca00d6775c1e0732ee5d7546cb8f6fe3fb94a811c  0.0000066982474610  125    315   
8e172308763ad1373918b6cb4efa991256cf12ee6fa257eec1dc6323367d43c5  0.0000066494034930  174    300   
148d29b84025bd6c176d4a0bb51e9db60570ce1bc8581392ad16147b1cca2023  0.0000066387242074  26     56    
03b46f2c7e58bc908d180210667b04abcf093de4ed4d7650955d479b2d7deffd  0.0000066114823465  69     407   
bc3cc55a0307e85b320ed03bad6b5c489a7caa34523095d07e8d3d4f07db218d  0.0000066084867717  24     423   
1afc910564a355ef5d8607df10919418588a66a102ecb9ab59501618132f47ff  0.0000065974797139  51     410   
fbd13acc6688352487796c4b08a5329f578cc81f838dc7bf2a17390f58e82c53  0.0000065847505131  19     205   
a02802fd9e4ed9b8266e622389d7e06899431a3bfa975adfbb86d9b849dade73  0.0000065518166377  34     140   
b22ecacbc04ab8e9e11c1323b74a7586baf61ca3ee3b18f16e13cd4bd221150d  0.0000065241097240  14     70    
ba1b12036d457aa7956981430482f623ad11f9b48a5597242742f5483145be14  0.0000065226818292  65     422   
682e1ff4579d19350efaac935b00bdd53eb2046d721cfda4d4f9fb9bc7accce6  0.0000065155928736  25     253   
0f3d33d0880165da62f57c374752a3e84a4b2e452acbcba9b671d0f77fcb80fc  0.0000065110085797  168    577   
1045c64b843e02928ec57a62f4e69589d7fe7afb33f817025b32f707d7a97413  0.0000065103600082  5      118   
16bf0611ac72740fb0057b69f18731580228c99f828eb36584a6ee7b37e3bdf9  0.0000064747808065  24     409   
420f9231b8e44453932e91e0c64a23fb61b8b823ec000183d4218bc47f72ef33  0.0000064745331185  293    255   
0b8ded4486f2ca1da18bb0d6e87c7d07625a5069a9aa1a5cee9b2202c62e33c1  0.0000064471975393  217    264   
4ca78d127dd7c1d2ef147422f259c978958de88ca2b79b277bb0661c275239ef  0.0000064317007444  16     54    
eab832ac67489ca27cd5772f6cae4b5959fd1d8b658d742ca73976f914050952  0.0000064234792860  12     205   
392a772a11670afdd5afab6ff8860bde5aa45f50e977ee5dc4e539aca38d3179  0.0000064128480868  50     127   
31a8de20e73b5e524bb34b904fcf5b539cf9fab7a6d7b15ee53eebf50e5ff2d1  0.0000064074222141  19     53    
92d90724ef193fb0e344154b58a6cd88b58cd65a2fee7d944d379595aa2651ef  0.0000063849041088  11     205   
444e7686510fca0cfe009166d7d84bc70c6f2a62bcb34b92ee9fe0534aa6a560  0.0000063752961229  58     408   
83c92a04cc3a80b049f0d761e7bb6fa0a046aa828f934ed6373da2778b77ff45  0.0000063675385011  341    51    
6c4e69954a5339322da4724e602a2acbf31bde9a246e81f7745aaf7c45fee190  0.0000063359356238  29     421   
2230cf9e0c6b6a1e2083a85dd3cad5e702c2df3762aa9a35a361a75604a95ee6  0.0000063210661453  10     126   
a6fbc09cc1838136166892e4572e34634da19ebad782a2e3336232a9cd4866d2  0.0000063103856381  121    66    
b26ecbf26da5267b72485eb1e4862c895a942ee525c6a810fed94928b6aea872  0.0000063025506847  4      32    
623644528a42adc35e1aaf08002a1a7713c1e95e5a0534c38ff33191c1b5bf78  0.0000062706673186  13     67    
968e59d02de328cadec980ce4f18b0c62280ae2a0406ab7eccfab96858be2937  0.0000062678493785  32     173   
0ebbe9f4a759ccef61e2764d4ca0c023ba9875a94465621ba4ff8bdc939de0a4  0.0000062538306812  61     421   
77eb1c6faf1b6240b7f0c16b53f10ce9d1be33904ccd0e9824deec6384c0bda9  0.0000062428681306  239    1316  
72ecbbc17089a0f06e3c7013c164cc9bec0567f64dd32854adb949fdd2db0c3a  0.0000062378558693  3      74    
545bf793fd88e0fe07827f8ae0de0eefc384026b77202232f3dfa7667cefa66e  0.0000062378462712  162    51    
119f88928e407ca0296ecba50c500e52314ebf8c85592e3facbe3937bb9b6504  0.0000062324003519  224    423   
3ff6d6a8ea6d83ec6fdfdcc4c2d233a43dfaf069283df8cff01e261bdee8c259  0.0000061999073688  167    285   
32a1c99035e2914cb3831b9dfee4593d7ba93d745b31b7dfb8e93eca26c9b81f  0.0000061927021401  190    419   
7d82757c0875266971f21e52d0e9599af16a2db6a55c5bd2935786677351f76f  0.0000061859162969  68     113   
be1b5caeed2eff55bae15e69baeb723456ec805b1a74962d05e4d9b2fad5b03e  0.0000061841525528  47     405   
97bcc61aba9984d44c9205e1238fe5b71c10078c6a284d9ead6ee55dc5da35f3  0.0000061812390252  168    155   
43b65916b890eb12e46b828d3c1f78ff56e1812a2a196ef5ecb3085eca2aceb9  0.0000061732707097  5      59    
e6cbfac75967001a6de45fbb3e79979d277bbea100809f29a3542d6d2e1e0fa8  0.0000061592618335  56     51    
7416829ce90ab59a7d2d31255b173328485750473dda03af7ab8baeeb4681861  0.0000061371498439  60     418   
af5f0273b684338f054f0f9f53d181b2578f5165973af9da00a0a240e54e643f  0.0000061101543536  28     405   
d3b40812e65f7363ba1b6e26ac47aad59f49c68f9c4028deb9ff887a06301453  0.0000061097020926  353    618   
0d78a0e447921efbc45cf1ab54854c8e36fae52edec6bfb4de33018c91871e87  0.0000061087605276  13     117   
0346053eeb3282fc23f12da8eb22c21d0d7ae32b49d12b6c64ebe2a9776c4b5f  0.0000060944804922  53     418   
c630f2419bc4e225e5921d31831fd024325ec06f8bc52936d7fa332cf6b0a047  0.0000060901563446  7      104   
766e61e900f7e5d31158603fac808aa48c7d6d18dc5be97a8f8dd182afb636cc  0.0000060859131906  25     70    
d591820080e21ba01cd4a3d47b59da27a1feb5d6e9e1cf9b9487bf85814bdbf5  0.0000060775402952  12     117   
d8dbb9b0ddbaf2c73e1e427fd4f1f903ae9bfa4d5049e7c5fab7e797e308a744  0.0000060742354063  35     689   
5cc497a2d90f3812b0a274baffdf5162a62dae59b193c3ce45a0a81626d05276  0.0000060435765383  541    555   
051694489d55c507bcfa52420cb7d8ed9f30bb7fa8da8551b23ad739e60f3f3e  0.0000060428176205  87     385   
110fe9cf2743e2501f8009e8f6cc611df0bd467398e49c03f7686510e5e7b3a0  0.0000060283816930  45     155   
2ebada08206abb4579ae4e364b38bc9f900d58618995c0e293f8248b1acd285e  0.0000059978535502  10     117   
fe18b89aff2d9aa00ec39b507be5f332392cc835e3bb0845acbd1e4654c3cc81  0.0000059955622908  35     759   
0369e23ea12f08310cf5aab68a60f7cad726be88f1890c83f8e4ed24e8bb2b59  0.0000059776850895  29     50    
81dd1dcc4bc2d9398848991a94c23b482b66d7850caa539cc7c67ce66d25a5ce  0.0000059776850895  0      50    
a6240348a4c46e33a2fc85259c7387e0498c4f048061cdf1659c5c5e087df7ca  0.0000059610413749  30     320   
d129cf222ab81135e83a0f087bfd27d42a534a1dc28d7fbe0ae88c7f68a76b99  0.0000059556923374  0      49    
41ffc1b96305dc4d8b51126dfe079638ea78596ed58ce56e2c35af1c4e284c55  0.0000059248430709  47     721   
ba61697aa73da5b443a34c9a9f975e40444d3840e13460bd8a8eda88c74478e5  0.0000059244469704  165    329   
bc779e2e257b6b91efe91dc5674c6bec18843dae68536bd274d4fcd09794d8b9  0.0000059175425867  1      142   
6008afaa222fe768a0aa32f6f5f792bd65fd265357469d4ec6bf972c83f14fc8  0.0000059175425867  1      142   
97a7cae2c8ca2e14f970948d6008806c547fddc10112bc69b58e1b0be105776a  0.0000059171924737  10     210   
47013a28af4af19494bb92256d225dc80ad9d6773f8dc577089cf7f36b5b5bba  0.0000059171924737  1      210   
62c1715a7abc85a06b9f1dd1606757774f8f5e618ce026de9e944bd9cc118313  0.0000059060006235  48     415   
2b4efa774d6581f74846806970bd254efca560f88b67e611a65881cf2db5dac0  0.0000058887666533  123    310   
bccaa758dbdf441f9bd4d68914e56e028dcdd3851b7c9ce71e14a96665ac8216  0.0000058665447522  56     48    
053bbe63cb60210849c9fc39c84fb7bb2ced32849027d1ad5de927c5786959ae  0.0000058551454167  205    357   
d3dafaf45dc0297a7ccdf35838e2262a916482262f72bebc7d53d655b31a2f84  0.0000058538652387  2      141   
945a013f81bc44c9f68a8d5486f166591b06f982e54059df403ca97e9d5e6a0b  0.0000058360291915  35     622   
09a7950ded86dcfae06433b739868d07e980376fafd2848d3ecaff917e892574  0.0000058197652195  169    414   
806f838cb7dddf026d95a591d1fbfe66ebca3ccd73af0164ba1f847d1a9ba181  0.0000057988635741  4      39    
d559b68478d57a9bef4ee24044bb21da1d42fa8132edccabafa1e72150164d1b  0.0000057935842895  511    301   
a4726aed2f4810cfb2030aa929be4fa3ad8d8226f30f9cf1f1f39dfd39ca10ce  0.0000057824646001  37     135   
e01906274df16e4118faa65c40fd905f12b4b026acad2cc339b69775652c624f  0.0000057742715767  217    402   
a97f0bc698125b0e888732c09a2cf654ab5eab4fa5a36e0d43b3c68be0aa81df  0.0000057607250732  25     287   
3dec06d46ec5200aca046563d50b06fbb653a869bb518f4cbd179cc1ed06b57a  0.0000057570495718  33     414   
12352afefd152375f8768c78224a964fc2c0ad0703110647b620c156714ad6ce  0.0000057380659806  35     1066  
5ee04e332f6b208772bcabb6a68c3a70df9700bd1c59048aff40613ed2e95465  0.0000057378926144  1458   355   
f9f8b3ff20a89b6064601741d6e776e69561db7b72c269cb8cb6aed8138f717d  0.0000057269575923  300    340   
57b27eefc077580f56bab8d7a5a563630e58be2e7f5bc7b88b249eee8f3beb5e  0.0000057199698121  31     401   
66fe04c87907dc65a723748ebc108a2135fef55576e8e592f209c91902c2ce47  0.0000057190754785  33     47    
b8790fab99c289efbf1f46b233709f637928eb3f6fe12c9b96217bbed1e2f5d2  0.0000057071700216  57     195   
49b5b850666dbaae977f953bacb5f21cd49cd56cd71fc72b426947ace18ed046  0.0000057039426037  244    402   
fba3eafd3f83461189b77aede6f44b3d4b48e46ba2a2b0effe852226daadda6f  0.0000056995437527  51     179   
2cc971ff956ddc255ed7e643ed478a60db54aa99e49e1d755ad9aeea80fab41c  0.0000056880480499  603    487   
ee6a82284034e792192db820b893ba26134a4ddc06e8904c36365a2f1b1c4fef  0.0000056837056370  62     166   
9d156a25e74069b81175b9c59d9fb0e7bbc7947b91e6d4275581396880751910  0.0000056836336503  26     46    
280d579c6132cb5fbc1aa14749e0d8b72682bcfc58fd7643499040cb89d8ed8f  0.0000056810907486  0      48    
7c456dddb6b46436fd64e2dba2c6c601827f4b292ebd9d9486efa88cb1d56973  0.0000056780185161  117    290   
05192bdf88addbe3212591aa5a00cafd387de857284e4914ad4a9f9ab887fb49  0.0000056779476843  7      112   
3208fc15f99cd249545fb6e395fb1ee8332b8b64b1bd0c1c24ece8f7eb640e00  0.0000056725382884  231    631   
20831c942aad5e07aec1ebedf31e1ec1b912698e7df8cbda0f00c48f3abe8d54  0.0000056640545223  258    250   
74106eb5b3b2c8197cb9ae06a0085c8db80833c77335ab130c63101a88b8c999  0.0000056639306602  35     378   
c5fdbab6513861f05836811d71c35a80430b8c87061ef1573480c323fd79d323  0.0000056595903239  80     400   
dde7072c574062c3c8d944afc82240d88f115264b69f326e482b14e123ffe783  0.0000056564535983  48     413   
064b647c82ee753daa50dcb3051b77006523c735c9257d8decaaf2d779d30e07  0.0000056556107619  75     400   
4c9c0791af3e1b7185bf8d812d8225cef74d0ec1e2880d571c8b4026cbe2fe37  0.0000056515230424  106    1061  
d7f0a6a8bd32f5550607beebe164043b111f7063bedc60cd92db530b4c0a0d97  0.0000056480237035  67     400   
6034208a635a8e07b36c0f683c8fa379ef0d476e4c733d4b6d469a442cc6cd90  0.0000056366983072  15     287   
4fc449e969b76614156fd20bd3bf03b62f3e8d714c557c3c985eb3881f623787  0.0000056152078983  46     46    
e21a7d81042e4bfb010cb030b88fc47e65763eb61543a44d1c304952f02a51da  0.0000056072674608  413    215   
fb955d63076a805ac80fa739c38329dcbf52519d93c815067f21b796a4f99700  0.0000055994198252  12     116   
9f9ac77a6173519809c43fd5b0fbcc09b366854177b3598c2552d7a013b0c55c  0.0000055974866637  39     400   
921f06cbf022c38eb687a9cb34e01d913a2e6965fde8f65b2535615336fd2dce  0.0000055939821023  35     137   
a735bc5b3d4fd6c96d99bed46271fa275f405640f1a45642560b10b3e5265ec7  0.0000055938240827  576    236   
f17500f367b52852baba5d05a240e2a8c3427c27ba0e1caabf213c9902db84ee  0.0000055873972116  139    46    
ff19614a24d9d0cc8177d09e0ae75a9904e32d06b51f9aabce3d90d4ba865297  0.0000055859178300  10     83    
e5a7ea67d1cadd3bc7380ab86db61b337cadcc83dac540908cb8812cf4dec025  0.0000055831399365  65     412   
5f6fe0cd0604b79aa90897b3897f8fbfc0ba8ce5a9ab52f5c9a584e5e7f8bf7d  0.0000055786650536  8      58    
da455dda9ce16fc3feb01b16ac0c7340b4e6e5d480f5aaa53c3148c12c1af604  0.0000055635168936  9      103   
2bcb3842d2846027c94ce50651d5e9927f34c1af612bf25ff679f0245c6da433  0.0000055597148617  286    632   
720797c8675a50cad34e3f9ca3d1f844fc12dbbcf5f67e035119f4b619420940  0.0000055544365007  40     134   
22ba7c4840f10d8a930d6654be1e32c28f3382c84d6cf1cd3c9cc0092824a8c7  0.0000055390359361  12     210   
aac56e5006c9908239406030214cab56957502b40758891c5f235437ba39e46a  0.0000055374261251  9      83    
05f35ad347923e49cb23f2f140a03d6f690cdaf7664d8ca3509c634733742da0  0.0000055074138550  27     249   
2de8a5991610f099cb13ba0b1874e5e58c4f9a23179de6bef963f5b08594a31c  0.0000055007820229  57     411   
f904777fe38da1e63c993b4a6c545be6dd0aa1fa687aa8d369c56d615db88dcb  0.0000054904161941  43     15    
a4a0d88e137c24956985618aea62bb0b037f74e968c333fab790b9989c354fbe  0.0000054801638943  46     203   
425c0cf068dd331675e16d97ac04f133d1b27f0f2bbe2da49e99e16a40e9c968  0.0000054660712124  65     43    
500a384fbefe2656ab6b5f6a551ac5501e73816f2606b08dd050d21776434453  0.0000054630017485  3      35    
3b0061fad7d20340af5e98be65bd74779f1553d975f00970d3b54efaa2820a82  0.0000054617966817  6      73    
c28fe855be9be3660e180fd3f781347a537c28d45f67bdb41b22a7cedaf12bb2  0.0000054590565160  226    509   
b2c104ec87a63b209a0c0d329a02e1f4509b283fd479d3deb0bfa5bcf56a34c1  0.0000054510445991  108    430   
5abbe9d914d0430554922d5c113e24d3146ebb1432d191324f95630dbf1fdcd9  0.0000054285715278  245    447   
65e485117413af2adfe50b1e0390ecc14c42b4bf950303fe1209387ffe57f6cd  0.0000054155868976  108    315   
153b67577d40f1b50e6dc301322d2055cf4b72afe81925aee660cbe71f27a73f  0.0000053942244375  35     45    
553d79f61d41f918f5e93255890928647ab2e64a661b855489cd87d16b207604  0.0000053833274872  204    541   
a15ed323bddbda6c7f57afe9957ba5d9d9d150684b87b2bf715feaf7de8f6ece  0.0000053701420223  33     411   
292826a581bbfd3cad4eccb33fc9c054a8634ebb7a570b950056cbc1d867b0ee  0.0000053686542344  35     343   
edd7d5daf2bf045dc6704dcf7d174af4e319342a76cddf53d2e0ac65941d64d6  0.0000053665698151  9      280   
782c788de4da5157bc69132723f08452e0645d49ad51b8144b192c8618c41b36  0.0000053521578345  55     396   
29ad34059534399a8462a148101ff7cb82097a15134d1e4556e13874737485cb  0.0000053498753802  29     248   
e0b02538d99c2c9b813b8bed91d42506380ff659164743658239f6ac6c3e6bba  0.0000053438032045  54     163   
d5e36a31d477bc4cb0542353e22f8b5436cc2bbb4aee57130242683261dd3904  0.0000053424123238  57     46    
d19cdd6704d69a3ed44be1074f25f50d915c41b636501bd704982a44b1dc2b86  0.0000053381612370  4      43    
c723a59a7c6f855ce035cf723dd73924b04c27d4d7d8e700406b8e8689838af0  0.0000053381612370  4      43    
72d751f4c9099f76fdf146453870a45db33aa60bab081a0fe16b402a3af9459b  0.0000053294511220  51     618   
d15bc2c4dfd365702a66bc5a55ff04c0a8bc42bc0b1ea2439f79a6955d1cc62c  0.0000053195628943  173    215   
aec3abd0029f90838494ba2d641e7369958d325543f05ad6ab3bb5fb635e40a4  0.0000053177655480  150    249   
4d2bbe2e909ca5e45c3919e9facae70533d46bec903f8b749790cdcab39fb123  0.0000053071608333  6      83    
f852e734ce8d13cf631ecb408b790b8c7ea5a5247dd36e37328b315074125f43  0.0000052881400689  19     208   
b7f0eeeb0f709b8f9763aa67e8d4eef282a8dc66a5688829a9a6eaef167c795f  0.0000052844373151  35     583   
6587d51afd0f878083c4c0f0b788728830182e8b6124dd2b9505cd73783d0e04  0.0000052823902192  14     201   
58c5faa8e87e38ed04abd158b9ef7cd06b93058da74160e77edc1ca3064b21ef  0.0000052790009833  270    293   
da4772432d6766239cda7738eb4dbf1b89403af8da6842bde0b0578c73253882  0.0000052758596688  89     214   
3775b223c388ab06d3d6f595acafe5a9c7969f6178a8f691d3b4faa15f1ab4cd  0.0000052733312058  48     410   
fe4cb338b867d1ec182d717b81062bc602ae8c790566e8fb6002b90fe5121dc4  0.0000052716160419  25     123   
94b00081dec46f166b284860c031054ac744cef65dd595ff5e2f2aefa28dba29  0.0000052615530897  167    431   
d75c0c7111cd107eb50cecd94217210341368c559904b48a833f6784525556a9  0.0000052582513076  49     247   
f1a800b61d4fe92eda4c5d1b662e42828fdd844515e52de11f691424e8221edc  0.0000052552528803  200    843   
d7cc5daddc5da7e2c5022341c0a3e53952a87c2c7057b9bc99f9eaf4144dc472  0.0000052441270249  232    210   
6cb13850a3ee4139787d33ede163a766430903260b70174fb524576f23e5b095  0.0000052437378113  0      623   
97a8384cadc2feb17e954413a627958e07a4c498bc863d2518d552caac22b9f6  0.0000052293696030  114    409   
54390acae953d66c37c9ff53b692e47a2fc6e8dfb5a7dcbca59f3908e8235675  0.0000052286251982  20     123   
369afabb42e857f538556bf35573a4439bc13050b25a8afca0854fb44c5947e8  0.0000052279989230  10     58    
0caf7a215958847cf06916ae259a77d3c20a1ce6530a58bfc7721d863139adae  0.0000052197842035  171    262   
75bfaef0730e57d2d56e1889a4bfd89c7181f3d6f045e19306b0cd71fafcbd52  0.0000052099014950  0      124   
0ac9b28f9e4d536365f5a08d3832ef0d561126332a377c65cf02e80857e50194  0.0000052099014950  5      124   
29373436a186b372e877d029d3054416a51a28c2d33ad7e8c0841a710b3c606a  0.0000052064895009  31     247   
255350ad7e6f6433a7eb7c19dab5c1dfb0bea117ec132966bbbb058be0b4b9a5  0.0000052010650156  17     72    
33d683abef4ccca50016949c889a20e9a81f2d80841d557b832a645ee6b211a9  0.0000051960224048  44     131   
2f7a300edaa1d66c01d96e62d20f1eb263e0d57902fbe4dd2e49d4155d54320e  0.0000051948488669  12     102   
35205f484218de0dc21812656fba1a1c6c73c5f774e86931cb40b2191e772ace  0.0000051946795507  33     164   
24b5da221cfb0228f35293a194d8623c551a5a16c1f53a37ef8417ce5ce07cc8  0.0000051946071074  542    252   
d50236d5f005e8f9ab9cd4f97ac29e7d88235c8ca8d5ba7a0de05f6315a660bd  0.0000051946031353  55     393   
0e669d8e6804eacfa85653671427ca29d184bee6f54d93e334038036a5e6bd4c  0.0000051890463274  344    136   
817d3ac05035781c782ade646142c2fe43a236dcb083b80e34c2cb2b55d6845a  0.0000051800928377  17     285   
982521d2de332152d374ff13ffabe465262a0cdc9364f9b7a0d0d7ca8a8cc9dd  0.0000051751445719  347    136   
31406356577e38e358f25d8edb2618fa5871318d65abd94a5bc56db55a6b4f62  0.0000051680653876  3      30    
948461a2547976990c4de2408033d62b0acfeb8b40c9d803ff7880f2e8f694fa  0.0000051470631361  21     42    
d61c8ac0d73a3fe3b719488f6785eba23816bcfb2b014e192a68775ee531f047  0.0000051470631361  79     42    
f71cf6d63e36b96fdaf9eaa7554a38f15f2e482f8bb122bd99c2d88501af8d51  0.0000051470631361  146    42    
8eba9aa5fc9dd0785dce5d16d93527cf4457c5496828d5ae0cc4a5cfc14a3081  0.0000051470631361  46     42    
0e72e525dbd8658d2b12991239a4f3be86a9aabe179acc06edb8642b79bd454e  0.0000051442876891  294    231   
5f7b4ba867cfa390f479c09861412222df097d8973d8569fc4495bee696b5fb9  0.0000051402047870  67     200   
bbbc9abcecdb22e669da4205005750321f42b821d37726a3e3d0a677387486b1  0.0000051377368389  147    126   
28c0e3f45c60f1329b98ab8e1d7d175ad5983185f275ac71e67bbddb570e4a04  0.0000051269248631  10     102   
a878a2a9cb32d6aab3d0ca0634fd0cf1a00621c481cec1ca3c4aa48fced04aec  0.0000051222627359  197    475   
9e91e5d5d2b6e786288a9c0ab2f48554849bd2e625466a184ec8effbf8458f76  0.0000051165414835  56     130   
8157893536f4d235bf75017a229d5a7ef8a84f769d0624671e2861038132b45c  0.0000051161181009  60     313   
41d15c48c785ccba42db919173a696c48746b7200e118fb7af37ff399dd8927e  0.0000051133028375  47     46    
c77af9e960498f5373119557ba4ee2e6cea22b49b35aedb35feac5883d5a07db  0.0000051091846507  51     392   
6901582aad9d68abb8d3fdf7fcf95f10d3aacd48b3f6c543cb1df76144d45239  0.0000051087852384  99     190   
ab7f756fe55577f931c0ab07a5a4bf1d974798d71c6cdcd4249cc93038fc10ac  0.0000051070039325  344    123   
c4bfa07fe83f2cf515037270616f248e971d79514c6a5159a272f7f3c9a23145  0.0000051032821109  92     125   
96d8b189ede8e9599bbc08f5a584fb7847b534da6f0e752fdd4cbd51dc943a73  0.0000050977093464  40     246   
b9b866ba4ee98b1be0fd7e3b17e723a86a7738cf44394ceea5a4fc850a313c66  0.0000050973611395  33     407   
63c7faefbb714a35c8772317015a056c25355430bb4d0785020d271200a0ee2d  0.0000050900299046  169    420   
9e7df72cbc1a4cc6147fc6c9613cd827835504e69c2b0f1537490ebc1459a62e  0.0000050818711792  56     129   
b5fff923234636e0cb9bade1abf51551a0384da5bd3f8fc090ccce01db197d44  0.0000050780566129  212    179   
970924a11ff821739e8a69dde1b8a3a792568300a64bf5282e1ec649a616648f  0.0000050752217005  33     246   
9b15a8b467e5e7e328f82a601a4b9bb3ce52a88c9f3adffe7c247cad703e214b  0.0000050712270861  32     246   
af21f38ef48473af623903d6aefa59653cb286c28a1ff9d0e151f66dfb254bb3  0.0000050690289319  103    123   
a90cc5ad790a6598bf6f27944a001c3ba66ca3feba20b6f431177c4d94232356  0.0000050629878620  289    137   
9acfb87ee6ad123651b1705a9ad8047c9e9b74fecad05c0597713605bcd30341  0.0000050513625258  53     124   
d8a375da0ec1fab18257f62be0ae64db9e4cbe6e96fa777847d49add5e56e0d3  0.0000050485615741  71     391   
763ffe5b875efc7b463b3517e497291dbe4d6db9b48c5bbb71867897cdfa7171  0.0000050389593933  23     202   
df50e4a5729ae4266711fef1cb27ab7adbc837f7cee599798773fdc96a358467  0.0000050355260541  150    279   
456aed9e5832da94ad54ecb0f7553d6f4891085a5091984c6c5484b48a8beaf0  0.0000050270913049  170    409   
8190804dcdea44269b77ea9acf72edbc7604f332811522fd7ed87b71ae03bf6c  0.0000050179894431  22     42    
eea59e96d728c4fbbd03a4e118929e33491decbdf835c1686fa20de1896fc365  0.0000050168241597  5      351   
1cd71273d2bd4a96889f889034d73cec48d63b9b45db48ac045257670bd541e3  0.0000050161624471  0      33    
96cf2472b80dc4f45b384f316ba08f71acdd9c236c0a0fccdecb86547d9458df  0.0000050157341028  35     619   
f4dbd6e4579dd8a595c7237079f1c6b39ec6d6dbc95a0b6a5e03b6f4632ca28c  0.0000050113153681  70     108   
c6870ddd600c937741a7b1e4e1bd1e8679e3c81e2d9f919d59ea5ddc46b5d19d  0.0000050091132062  156    294   
ad549a7441092d51ad7d059d3b393b9d8a7ab8c46029afd3fff466a32f154e54  0.0000050066085500  167    287   
a92a0e30ab754ef12ba27831a2a1c82be3254ab652ba608bae916086616f1470  0.0000050014162563  330    333   
febd0019dc0f7a5e69617679c16a59140fe89579a8d3bc43f35f37db38cda588  0.0000050009712082  9      280   
5e3f87344ee809de992f6686f2bea802685b6a79d1fc71398e509064b52e81a2  0.0000049998915842  39     391   
65450733cb6cfb0935471b300adf79b354d5803a07e6c3fde147cbaf6cdb5f38  0.0000049996891436  444    350   
4fa7b5a51f47db912025b4329173c0df566313b246b43a1f0eaeea0d614fe4de  0.0000049955544253  22     284   
f4e4fdc9a9b3ba9473789e59fe5ae0b08083387f75ef02245498215f949125e7  0.0000049928048679  18     122   
92f52182a77af1bf59a104b0213ab78aad83e9fa97298da04cec741fe4e4407a  0.0000049927263901  49     128   
82f9eb6890a55306223a7b2e0d6f15f49191040d0d2a84cd4897890dd558e011  0.0000049913249614  311    656   
2cc581db4c3de1f9c7ef199b4a760228a2e9758455a1aea11cf72c1f9a73435e  0.0000049882999794  39     406   
05563df62a68b9f2aa98486b837aa9cdaa9bfb33adf5549ca9bda67813b2f90b  0.0000049785491599  163    276   
21114ae8ff91d2bd2f6742511542151445920c6685318ccca13671928c391196  0.0000049744723578  305    250   
7676631965835d108b19c716aaeaef24a11db44700170c0446da8990689473a2  0.0000049723103351  6      111   
94287e6c1c6d480375f1876d6447153a6a4a905fed706e1d2295a327e584fdc5  0.0000049660757974  182    476   
bad2947fdb54187a792312b382caa5f08680dcf93b3a495f340633f1da8f1463  0.0000049649579983  64     97    
0ba0fe9bea8740a6db5247c9c5dfe8d67dfa1ecae71a1d45907542a8b3e10ecd  0.0000049593270682  19     284   
ba2fee4447ed781c8e054d1e3bac189b88cc9be867cf978dad2ea1aee17b1edd  0.0000049570866335  7      46    
714bb19529be90c4d103c93066c0dc5677627fb1edb1abc9638025c9dc4a9752  0.0000049527861937  15     306   
8f5232b07e328de58d0fc19f0d270defbf11bba0eae2e89784f89fdcdab08865  0.0000049490601176  221    594   
457f0b89f63d7a9413d7eab7b0bfa2982252123c0cfa6baa69e37cfd0e94ac31  0.0000049487639234  96     171   
b185dd34873f3ebf80933e33eb560245f2e2e43c84e040885cec61ef19a99294  0.0000049447214793  9      247   
00e7a090794aab84d13afc5ce27e5a191bc3f37c8b8adcb3eed6c90ef718a2bf  0.0000049438680082  148    110   
532f7f353952a5090af63aca3cee815f5640448f73c9af69c6cdd0307b823caa  0.0000049392195429  122    124   
c6fa1b363abf2a206af940b3083dd40ad97945553792455bc6e759ae401381bf  0.0000049191989669  8      122   
5a53d3f6f509bbf66ac4592a15a150f59ac29ba13a83420c0cf561585e757b90  0.0000049191105716  148    313   
33f175a15a6a8f46b57933299ca1d6e18f39011f5cdc712c82cce68378936828  0.0000049130153637  38     196   
51a1f5a47db296a195b034bd0175e35474a173017a70b4033a9d63155362164f  0.0000049062822586  51     405   
5fa5793ec46d6794ab81042531814b5bd30e815395b626a9a8a9d9b8b457b333  0.0000049050912905  82     193   
aac8e695f45dfe8f4f3cbc79a2646eec9e51972f044a8dcf3cb2e1e67472651a  0.0000048950285700  1      29    
4db7e8d9b640fe872041d4319de34a20e200ae1e4680273305cfee3f3407cfd9  0.0000048930183875  15     305   
2f302b333a23c7035aba93097e411f6f38bb6fb9563f406db9a3f6475973eebf  0.0000048838879417  205    280   
1f277a4179ee413550a2838df6874ca1a5c84b613132c22353a7f09e41e3358b  0.0000048733366414  63     389   
cfedebe361e851a2eb5af1961de7b5599fc5b69fc0120908d2269e8d04408659  0.0000048700316131  14     114   
7c9416ec754e52c2b5f07c2e74f4809172766a7de7f277718f20a2826368486f  0.0000048692119975  7      72    
e59488059c59950eb51eccc23adefc0ba9ca74f78fdc3c8091b2f1a687c5d790  0.0000048641285509  56     136   
4fdefca64e06c9ca18c9ca587d822c8a5e71b6dc880ff29b9850a4e227e6e7c3  0.0000048576045387  206    174   
2d81b508decb3677dcdae121b693b65abe47188dbad59cade6b0b5b788d9ae50  0.0000048573292939  50     128   
1e6887800fa7dc00df273f9577b9c197b285b968ebcaac129c0ec50c66289661  0.0000048566188223  10     281   
6e0bb47a5bc91e45f462fa1ac3a7376f48c00bc59dcc18d482ee306f0bae52d1  0.0000048521692849  624    353   
6912768c532ed45b5a60e9f8aa6ed119c1575f34281ce3d7d708f58550346f33  0.0000048434259128  6      124   
b736d9a545d8b87fe8b9a1bf1d5b88d50a52e439936fab9037d7e04dbc8cbcd9  0.0000048404972367  84     214   
9dc1290675e20f9ea5b7225dd6b850c149247c0459aba0c3bec5ebfdc3d17187  0.0000048379754790  21     603   
42dbd93add0de7f66569c1937c795a0d67c302e2e9cfe3131d40dec075424fca  0.0000048359473792  12     56    
8ac50eb31a146129d8cc14a862c5d0750b6f76b273d0e10592d34a7ecdc95b23  0.0000048193550575  281    275   
c1afccc48b30bf00cfd678f4506777cd49a7b2050d203b53187009fc07e3fe7f  0.0000048154765275  31     282   
09c1c3b90f0024f3f8448cb9acfbc062f02cd615b7cef8ed984e4aadfedbe00a  0.0000048154702343  33     244   
29e886484f4075e34552c5ccd93a4eba83700c22e298fadfc673c005abf74d57  0.0000048141326916  115    257   
5f10f090770447fa776e479dddfea5716a674712751417ea49602bdd9a31cc7e  0.0000048086852511  42     404   
cb7660f22b79d82cf03f9e6f307682381afe83e880b5f256bd4db962e1694aab  0.0000048077901261  22     198   
6aa98dfcc64d238f37f323f1ac01cb74ebb790498c5b22d79083f8f3ede61aaa  0.0000047996162419  24     283   
b049b3689125384dd769dae87f228ef1f830567454bee8ccb8f5200952ba5e2d  0.0000047955775725  51     389   
0a95f9f08e9c13b68fcb53fc69c7805c8334cc09ee3231e80e938f3adbe0cca4  0.0000047886263879  18     31    
22ca232bc2d832c94cb4ba168fce14cf8ed9d47199f1cae169250fc661950149  0.0000047860368472  43     389   
7d0571323144eb29a89f4842fc7c23f1151bff199ef86601b72452b3457bda7b  0.0000047736786253  244    195   
0708ce67bb2dc233a92cc06e1279697d12a81377f20d1a0201b6d15bf2c5b08a  0.0000047709987398  392    203   
f7b799014ca7abf521f6c7eef8a89f601aa08b294c844dd6abcde6ddbbf15e99  0.0000047572454594  54     147   
e4b1bc1fe6e301c5ff50cde92e5586dff14377f86fab8a71e484a2a1da367bab  0.0000047571511717  8      121   
3e32c6cced48127c5f3f76d49558f7a7925230326f9b33c9cf80af2188df416f  0.0000047570840337  35     277   
0221058ae18ecf79ac6def36488200d50b43d38cff88bb17b3c48d9b2a80186c  0.0000047545175430  54     126   
667ba9c997e8c2f602b7ccb07b86ec4e6abb52ddce2e432887dc7d52c684cb8c  0.0000047498412747  175    191   
80fc44e085d7ed310499c3edd6dd231ea618ed3966a855152525a18a7ffb3614  0.0000047485096771  83     234   
3aed2302dd1c8c8cea47fae1b9c99a34d07d7c0ca1c7bc05c2dff7ef7978ed84  0.0000047448068104  70     177   
e72b1a3e4affaf93578cf0ae1a7defd4fa2cbba6df858a95d93c2074f7117c53  0.0000047414977109  16     198   
aec6b5c8c2ee92fa7408a75e5a6f79879d551ed9fcdd26c95c89d83f0e0e347c  0.0000047389497462  345    135   
e55f780e59f92170e0128785190424ee2722fa2d9af002a7ad955a8728ca682f  0.0000047309295266  37     167   
f846d301a71b6d3f0aeda01a63cab6807e5608dc9211b74cc899580a60c21aa4  0.0000047285253641  15     186   
c0dcf9445031ba5724dac7d2afef234a183dc217e212185a6731cac82c222061  0.0000047241628723  13     279   
ca2326e0d0eb7ac76d009c343bd24905408833722ae8d121b7ef131b861f67dc  0.0000047153851219  20     181   
a016123f8610a6086fec9a285fce80e2911246d1c9d24fbb19fd24e82c83c671  0.0000047058446177  39     403   
8d6797a8443afbbeae795210a85cce39f6dbf356a94c24a584f451f66d6ed7f2  0.0000047055762993  86     521   
cace07bc2a60c829c3662b7f7427f3c51f8749a9f60b267db9f24f8aca7b7c9a  0.0000047040180410  36     243   
43a88424a47c021d14697a678abcdd105a0c7a63578e5f344616717d561c4619  0.0000047005758858  1      186   
c65b9a3da49c036ea9e26214ca5453b6f7a4d4f677dfd1e93a4c6bd06fc87e5c  0.0000047000063719  48     252   
74c236eafbbbc657d6df421dbb43365040b490895e4f46bf6d3f0d5c39f7ed70  0.0000046976236933  34     243   
df562350f33892017d3458d1f88bd9b127044eb875549952448aeb48e9fbe86b  0.0000046948993248  94     315   
943a4a3607fd976db69d6684b5febb587d4087db8fa0c06d0f80ee86ef873da8  0.0000046927304532  234    530   
8c3c1594b9a983a669ebfa0b6e781cf78ddbe4a21037ea4272e9b70bfedf4eee  0.0000046892577705  8      313   
a93db4ad4cd504238b0cd43746c5fedbf58858a2bfff7a6d9a6ad09eb767e317  0.0000046800449042  8      56    
6c039c15ad84e6b71501bce370323b5a6fab406c8318595220f2f9ef9bccf6c5  0.0000046662140291  3885   393   
9de9ad1c387db0b5733ea9d22c2abdc96ec683bea8a270afc6e70588ec2ad44b  0.0000046660233670  123    386   
cde333e6429f29287750e4e91e46fe315d4a861878f7c60ca19f76dd81beb9fc  0.0000046588957984  157    167   
e7cb6fc7240cd9a9c25d18e8716d1f004deebc464453465a211c72bf4fd270f4  0.0000046542530244  9      121   
87f213d26b3d91ca865ba0a9db8c7bc96eaf47d105c7aba41b16511cc645b23c  0.0000046400553133  13     109   
c1997be8dd5d8cb8aa38a9beae6109fd89bf338e9c7cfbb49a83e826a2c5a055  0.0000046391648771  142    376   
4ce743a9bce0b24fff82bf9a6302d5c0db0cd19406898761914a8db7a9579d34  0.0000046323164401  14     94    
33ca0c65700f50d0161e7cc9b02e204ca85b31519b6713a7cc51809097ae0005  0.0000046323164401  14     94    
148dfdd5f82caeb97b59b8e41c8a2157227645ae859fa4053dbc834ae33f35d7  0.0000046323164401  14     94    
9b887e2fe4ac299d6025757741a9c3240dd2a710ffb5910cbd9d14089560f320  0.0000046295263049  172    273   
ca4873a66fc3464969d23f3de94ca5c5738bfd1d499b2e858dccc35dc26dd230  0.0000046287748947  48     403   
6c08635b302c75c0752723b3f9726f7de4c5dcee22303bdd08b7ef80c7419656  0.0000046248636472  113    291   
300e44200d3418fe71d07f0192b75f5a95d3b47ee1d4ca346f04ec5ed1d33c20  0.0000046247551158  99     171   
b4e7df9fc215ffea344b75e373e969cadca326b406315e4d59a06b4b341fbe2b  0.0000046244383701  11     194   
3b0f600a556da81ca5ac78636c9c2273c6b20393ebf1c92c285a3c7d3784a55b  0.0000046219582395  67     403   
a497dc9be1ae6672625da422cb7a18579fac446d38c3351cef116766c97448ec  0.0000046105655140  25     51    
423ade9c80e043c7ecc8f07b7103c474892db573e4fdbea076f9919bd0a55731  0.0000046064119582  206    36    
ecf8ef55f07982a096c1737ad111a293813e71c007f3e08d663685005a837a85  0.0000046061965363  137    163   
48dbbd8c3cd5963fde6e3e4fe81eba9d984e59a10969f521c41b87ff6f9ea936  0.0000046038442856  232    833   
fbd7648d67f84340d10d198ea89a455778251cc44f0dd408ca6c83ad3a7251be  0.0000045997068326  441    331   
f0f4242bcbec7b10bbf6e1ae84394def10d379e78964d8d9757670270eb579de  0.0000045951650867  36     242   
910af96bd58a2247313304ba4fff53d39668eca7333782aa6aa2b73185bbb910  0.0000045924261519  61     289   
17f41c21e56355ca3f891ba206c8bc62584db694901f5cbd6be8b696dc723f2d  0.0000045915003593  160    112   
58b9fdca3bd49f0afe0d230306ba77bfaf8f63ee0f00c35a53dff76562c62c00  0.0000045910019582  167    535   
26407e5424a73a98dfe0e46d732c0718cc44f57f1635466adca0f9ec5fd080f9  0.0000045897320884  178    316   
cf07b9c4079c1b39a3e1cb027c1f6f6ab943f325b1dda887b9547bfbeef8e460  0.0000045894075880  11     246   
405c75d93d644742d2ae028f9b273cce1af5d7cb0f7b19e0bae3c182872d851c  0.0000045880914759  98     312   
9992d5074c0934fa1a84d339940d547e0a17fedbf20886114e42c52738843cc8  0.0000045685583534  292    238   
11f73e4466a8b9d65c772957f2dfe4ed2158a40f75ac20b33843cfdbc04ecd70  0.0000045660305387  305    341   
94e3239aecbd4d27666e0f0cbcb68e0b4b3875d8edc5431c71b7029c17784830  0.0000045625164826  6      123   
f19947ede3e43a3459b1b262509ece3da36446c8e6f5a893f2296d8f74ac4551  0.0000045623349887  415    256   
3a699f115097806aa770bb3c540e12252f4e0e56ae306a1f69b7d1cbbbee7025  0.0000045610686498  67     143   
8576a651c637dd95c8c535ae9725a7657b93c4c00797d7dcd7a53f3b4914516c  0.0000045602027237  5      42    
f0a2326160036fa5aa80b4323a5f3c62c8df20b7effd636e1556246b388bb1d3  0.0000045584510412  498    170   
db498f97fd2f31ddad581fa3892cb5c96550f3275d6db1dfa776170a8503747b  0.0000045581544131  36     385   
abba61a2595973c2f81eac57a083f19d6379d8e46c88c52e66310b41ebb1f567  0.0000045509552080  41     114   
588a670cf2ef83e6dd3b17bff713eb2ce082729d06f7e727104b765526a2c6a6  0.0000045469434412  135    188   
9e8e6bb823562978d275a8a92d57105e5a488c816663e3954e1ef618267e8bf3  0.0000045403693523  79     282   
6d60107656a8fb38fc160f0766211c856eff9bd25901881ce8d1994dc7f8d416  0.0000045388754993  40     281   
6abc0339102ce9321e2b71390d3020744eeb27e2584c50bcaac2a17f9e587db8  0.0000045357302449  13     284   
50acdfcf38b0e04a9aedf4095fbe911ba942144cdf37f9e6941a8eeeef5b9668  0.0000045317246543  449    114   
1346f747767eeccbfa032d1bc537243f651af67d7116bf539fc0c8d7b6152e77  0.0000045242552678  631    236   
fe7c21bac68d013ab6d9ef71e5b20d1f5ca9ff7fb1761333a449ac8add7cda68  0.0000045224954075  238    150   
11fc40a485a5a0d0d1684a1f9947d3e10ee587621ac4c7c7103a4635aee0b358  0.0000045184458635  293    204   
2449333900e41824405f11945a68ddef2e8656a82e6fe96122475444cae21125  0.0000045175607372  211    470   
8d09ce10de18e6dfe1c3813cc10653d0359f964d383ffb6bbdb42539c38d8ecc  0.0000045158293583  834    236   
cc12cf77a4f7a8ab2118a533394e514ab030cc3c24ca78cf65cc644339f57fee  0.0000045155290338  394    336   
e0455368e0726ce2711c21579b2cc56656ce9be60abebad8dcfab62b29130b1d  0.0000045154647985  206    27    
f31e517fd8f41baaa5abf36b3f570f6e83e53ded8b7ad0c18903be06fcbe7903  0.0000045099874527  70     400   
30746b091cdadff30e2986dd16f872666266b5e62bcce205cc372ce07ce2e3f6  0.0000045046659301  4      34    
af0e01e96fdf4ac91f72b9a30ced6e16aa52bc8923ce167fb12924bc3411537e  0.0000044950287640  586    232   
bb88474f4fe2f3f4bf6e661e3c7bde1dc7d4941b3afbc57e66e5e69430fd8b89  0.0000044942363311  639    296   
8b7b362f33fa700b7ebb08e6c9be4fa2ef81420cdad9cc28398043b9a49c38b2  0.0000044932128080  74     246   
